$ANSIBLE_VAULT;1.1;AES256
35316437383663633735323035386663303266616661616236653038373039326635636336633265
6537643962336139323462623538613961643935643932300a633630353761303830333961653431
38323262356533313262386438313737363735333961643364663430623232666366666361636465
6630336237333137300a386162393132353466646530353831666434313534356633353933303331
35333262346266323764646235666230356438666166356133373232666134376438323835373639
61623065323538376130323834643830356266303164373134663161303961653439303161666161
32336138613666366636333461633534336463666630343664306439336563656263323866636262
34623964383966363536393933373563616431666630366235373364653564333264636438306436
35386439303263353661346263643839343066356366393031313435356634326562633131636635
35396366316132343732653231353432343465373861303036306431346333663939306333353734
33393931353263376338626264383235623630623030656332303233333631303664373436626235
34366330383733316130346563333337383135623730326334333136656336313537626433343561
31626236303063636630353738316239366537353631613834656536313633613438376639386438
63343832633162333838383962636338313035346435306130646362393035396532326239646365
30353331306638633765646238613435633864616333383535356530366139393832643330316561
61393966346338633036326633376336636232376534373363653434323234396134636237353633
66356635643238333836336464616665366664313163656565346230643439653766633362366661
36316337333161323065326232303061336436326233623361653064346263626565636262353831
61303630363965646430663239336334356232346138653164656337356265313865333861323432
62626265363737303765646536373838343462316135663465313465363365313235363831633937
61366564313130653861653730343735363164386366653963373936636139636531663230366263
30303666373861303130613562353538666362616434323135363935653163353533313336346666
65613562633231396661353666363533363630333433643634366437313163316237326161363932
64333538633431343365386263616232633938636563643862333233333635613063363331303334
36313063353538643232366236633636313266326137376534383362316265626365383837343635
62303363323833623136396263633536363638616539313736613961323563363436623462396333
64306365373863333634316165333333383835636330316239363861313733313836333235663730
63626134383335396635306463323936316164353339646466366637376139663265613138396366
32623261623335656435353164393734663361623730303034613633333461336536303765626530
63366531373238636261363761373330363432346538643237636265663636653366613162643163
31366437313661363639333132646339373537366162623237313666313865363237663130316664
38626437303063356563636565396436393838646632653935336435616535373437656334353130
34333463336330373362333932333030626333623639663331393239646233393833656139623630
34613234636637633537323462363132623737626634643630323030353763313865313936396138
36376234613132373735326664363638316231376238363062346534363735353161373232373632
61643636303361396239396161343937386566363431356561656533393936323761643465323166
63363661343666656334623063353335633666656137343133653536326565373736303638393063
38633965633639343333653865323664633434336333323939643037393739663064303733653737
39333639386635323432373530636166303437336364653137346630643338326437313032323330
30616164633363306331616537616234303836343633353838303662333761346636666239663065
35396336306539646130303037363035636435646134396462343236383632343937623436393332
30653330343434313530663134396139323366633439333036616465383436353133616464356632
32373531393961356237336463643961396236303337373465396334633465326464376334343737
64316162373033663730323666626566333165383331306236306566626232646366303837633063
33313837396466613264313637303037316462343663333336303234376430396131653563323466
32303637623266303936363233623836633266373833636361346431656336636565393166323737
33616339666433336563623334356633623861353931626135623763366564313632343131616366
66326438343562636130333630346639616138306139663139623961613564343137623363636364
65653231663264303731376330333838613135346330623863373538643536393264303037396632
30393366356339353439336564623961626432653039656365353734303639653563393734643830
38626633336237313165623766376631373866393936666462656335393232663336616132396334
63356663646238393530386335666330373765643864643733373861356564633736313634373462
65613064393832323938376362646365336536386135623636316436626365616263623561653563
33366135653635386237613462313164653630376666613963353262353739353037663136343134
35646364323532616331326437636637356565386138343362363664376632313839303764323133
62666335653533316331386337383639346339396364373463373035306464386635366330633561
64613136336663666135306332376664653566306636333463323534656130343632363561623839
64663262313465653932663936353336653632633333353838633636663965396563633136663330
30363937303034663337333265363863393935313530633436666163313963316333643061363135
35313965313964306536386263613435313437363364333961373962623261313865613232336230
64633639313432363433316566633639326266626436646535646335326332666338306634653363
62393630393836316337623934613264343238333865643662333936643162613063313631333431
34343131326238633432636637653663333534623564373666656362363132643861653332616433
38306138333465396432306135303163363964313634616639333738316139663462343830316262
64323666393634316365363939326338306136306466643638396534346232313438643937316633
31356433666439646664303330366135316263303937376331323565636538633230396462386537
32383762363036323663373262366130643832646364626365343935303735613763656539646263
63373061653963636237366635313565386636363563316538363631373537633164623961613831
37363430643336633266316539363665666263363234303635396235613636373363326466366437
38323530376139663931333030366165333366623334346436656462636665663335336336313430
36336139343366366563353461343035663063393233346233333130626433313234373430386564
33356362626239356366376666613964323331613535643164303465393765366232333232633562
63626233323462636530333433616163636166643036393664353164386662623332383930396635
34633435353135343166656238393362373731356266363933613239613036616436336333396465
34333332633238323034326433653931306165303064343463623532346535306162383734623666
34653339393964373534313831623832393366343363616331363838623839663537623139643638
38336561363866316664663164663433616432336662356365393431663864396465306432613339
39383133343333643036336436366539376164346363333961363730636631626432336664376465
33643833323431663534356661323065613938663862353731633034653737633462333836353732
33633562373238656133613237363664346161386561666639613863656332383632363832396664
66656234373538623431323265616234353430343930656566633536343965396462356565313166
39316130656235313933366235663864346135323837653036316635343538663364666262346564
63643962323333626362313731613836633338643438646665363938336639353265326535333462
66626263306632396338386666363235633439623035346261653236346661663064303962663637
39616633623338626439636565633264383039316262303064613730356366613935663161643030
35333039356462643235666434393139616330646464656231366366383637333065653736343637
64383532363063633634313039333033333336356363613437303464373931653635316562316664
30306137613362623638666566346162323936366262363230393438333164326265656461323837
62663736623564643939356565323961306463653761366463663933306132346462636666646634
34616535326136646130323239343936613635663666336431333764653736343964666136663763
66383066396663373937633135616462363134333961616665316630646661343461653666626338
63616661326133653939386137623131623739383964386231346138343839313837646339336263
63366263633931366331663834313462613137333434616430393534396135353639393061636533
61336261663064626239356264356336393764386633326439653439316134626337373463363431
66333931653531346537303237303335343338396634343138633138633236366431613561393731
66396231663261323239383265653633633565366235366266666132303336343361336663343564
31306236623138626635613130316664316536353062336434356638663261393537663862313339
39363264336335663339313832306261633066323830356632646230373138353563306565626565
65376264353666313833336635643566303636383864663139316264336536613863623734303132
33353863353330323963666366343134666435623266306133313261623361636263396364646261
36316361333661353030393830333564366266623836396235363462366664623936356337373533
39333337626538396439323566623062663666656662323232616535646666643337326163313230
31383233346465663364363463643337343661323931333764373434613930646332626365653763
61363563336630633063633333346430646638366536656163366666333036653131623463303036
36333761636663623937376534643761336266313062383564343038316139333563393234656466
31623734363862363463393466393464396436636236353039326639386639393038613363616237
64383336653938623665393362613662393062396536656665633439353461366662343334366265
62666565643666316664646539303261613934326131386361623332623261306161386366386661
62306438393232653034333061326462373634653030386262366166353233356335306663393064
35373337333663353362396335633164613935353862633436333638393038623866333166383264
33623738623631663665663333353566313263353031613765636364303633666265666139363533
35336336343834356633393033656262313165656561363130386166333837633637616333333530
39353232323264663637346533646435366135323461316435653436306530383561636638396430
35666564623064363439663434656163313532333935656535396532356534303933613935353939
63373866306364383238316634646132393035373561646330636464346533663835643837383438
39393637363636336465343032303435363462313338306239353662633363666564666362373461
37303165623136326633316461643564366566326261343663306236313937613139653630653835
64386330633865343339623930373038346461633131343663663432303338363664656562326565
64356365636366396539393366366135653237633137323365623763356566303663663062393738
65373631353964636262373930323563333363333434363330323733666433643035316464323437
32663762333362373830326161366362346661363530373432363161663563653830353163653135
38623561373638343533306231346564353030356333666439376231663731636238646666656330
34633434383564633264303531386530306633366636373063636166373737623132326539366130
32643762646264396661653263636434376438353032346638313231373036356237323166393639
61303634653862326636616566346132316266306535613863373436323830383265303137653935
39303230333664323864343562643865396535346464303962383464633262353563366261373364
33353165326438663461333461383837313131623235383265633336386436306463303538363164
30393934316265356264326138633761373239353764636364383737366237343732616564656530
37343635393964366537643236666266646536633065653765633764613665616638333831313735
38643462326462353661643631613530326130343436326566363132633234356265373333643138
63363464313063346261333436326263353535613930663461333663623866333062643935326332
61373361323736383634666339376437653266636237633035643634326661396661623866313232
62383533383463373966386266326332343932643038646462336139333266303231303733383234
64623238663531363332366538303536656639373339633732353462373833313732373363613036
37306130353132356261303639313134663630663338653638313431376663333266626132303938
31393231623566656664336365386664353362313339633066386263333661643063623463323336
39653861393034666535626364363562656234343663313438393938373939656436306334643833
30653761626239326165396135386238636134303562616533353939383161343430663663643932
39313534653035373236343166366335323332626338346463636365613163303938376564373530
63333232623335613131376235366637623833373763613039653332613136313035666336336264
62363163623136616662656539656132636434383435343336633665663964613232343137386162
36373636636437313638636664623938656263396238396533653938653136363066363062353363
39643262393734613338363233393433353464616130626232333161623834613737626562643238
34633738346539303835363731646237396439656666383731323035643064356363653566363437
64356661316664343865643364666538343963303463643165313536633939643261363763376435
38393031326665633631643131636566306566323839643465636139373935316331363535386238
35386165353837656235383265653537613336623963303937383133643636363966363564643832
61643463653735663963656335386139373464363861333264313236613735346166613364623966
61346233386534616132316666333832336337363330633663303933363765633365313137633930
64643430383338373766653137306637366463366537303031333438623164313462633437656164
38613361633861633434323931323331623462313630316665386131623162653838633366623137
65386264396437623865373263613733616436663638646135303830626232636535633237326366
36303365663633343936313439323961643733346564646334313139326331393161643862623036
33303538333639616637363931383765636332383132323231383662636338616162396461383963
30633038333962346237316431346664666130373537373038626637306561353263626134303132
62346432633863373439636631616466313938643233353934616139323765313931623036316134
63643164646639346265393964396234396161323133333031343461353133303365393133663232
34333734663062323464616263303234616630633839653663653163663662653131303061336530
65363564393065386439646466323865653861313761313263613563396661383935346231643839
36306531383237336566613461643836616639613830363833653737346463313137353464356164
63353130343730613565656636393966363336663732303937643739336563366237353338336464
64393736353232623062626335623237656632326664366431636335666166303039343036323731
37383635366136386433313631346361323662343065313437386533386163646134643432303665
33323539656663653532393134363134336438383764346165306264633565383664353831333237
64386562326535393933353066363761613565633366383537323765633561343932646439653366
33333365393265376630636532313433303837626564646630643930633433343930343132316461
62633830626537653964353138343361356133396264336533363763336336373336346465656232
35393033323865343833393537613137633965313663626364373636353235326632346633663731
39613863346162396664366464653230306532366664666133633261326161613037663964383232
38643931343539386266666635303238393832306538633737343938653037356430353532396162
38396237333939376334613762616162326164666263366635623731376234643832613430663130
64353435646266346639313864383837383234303365376639303733653265613463323430393936
63313037663233633332326266376139376139386638623136356561316333623661613933316638
35366335346663613635653236633263323335346134663463383139346365313735346466613337
63323034623035363739313561346632663238313032303639613963666239623332653637316234
64386662356566326631356662623761323261316666316533633636353263663466323435653230
63663063393535353331666239396439303831323533623761643963616663373834383861363234
64313333326366363134366433396361643939353831396439353761356664306164376330663966
36343566633439393763633164626530393038653462366436623736336161383362383638323730
30306463613237353139626464636432343631353666643133643165363036623964626239363332
33346162313662336235333761616664396463353161343037353162656434323638316436323332
31613631666565346538613138623463616530663931313232636639303337393531626237396636
39393334663936613432666563616331396561643933383233376236393838363965643464313832
32323039396532633262343033663366356335353232306437643335316634666132633663623837
61313963653839633830666438623630616434306264663965363232316637666133336164396561
37353233353336366266663765326233323737396461336630373639636432613363313230336232
65636631376466336462653734666331653739616335306661343063616564343963653065316563
37613164346466363232376530346634646162633631613361353931326337633936306335396631
39393336643166353638333336336539646132303939333134666533396436633530646562643532
65653230623339383165653938396164323866626637333636393831306238313135306337643765
39393534363932343461356663316634626563623032613239373134323038386664356331356339
62663039353364393336333439346639336335646539363864613834306334333031633037666636
39376132383761666664353034343165653063366537323861396266306439653531626531363439
62616233316131313439386630396233393637363166383562633434666261623861303436623463
62363933613362623639353033633430646633366465616136363238383431356434333134663164
37663866343238343566613336353531323763356464663235313366663930316433363561323034
31623739633964323761373564643030346637643437366339396236323633343962666536313064
37376461353861616137303339636361656166383531356561633335636438396566646230343835
61656632343061616632326636633235646534393237356535653761613738393461653637623262
31626237376135343530343337633934623633333432316135613238353536636339313237663030
35373864353264373336386634656136313437303536393564353063303330366662323966643632
38323839633534653230623061616530636164303963383334313632393636383737613663323036
666330313632373733373266356362303231
